100
26 1000000000000000000
26 1000000000000000000
26 1000000000000000000
26 1000000000000000000
26 1000000000000000000
26 1000000000000000000
26 1000000000000000000
26 1000000000000000000
26 1000000000000000000
26 1000000000000000000
26 1000000000000000000
26 1000000000000000000
26 1000000000000000000
26 1000000000000000000
26 1000000000000000000
26 1000000000000000000
26 1000000000000000000
26 1000000000000000000
26 1000000000000000000
26 1000000000000000000
26 1000000000000000000
26 1000000000000000000
26 1000000000000000000
26 1000000000000000000
26 1000000000000000000
26 1000000000000000000
26 1000000000000000000
26 1000000000000000000
26 1000000000000000000
26 1000000000000000000
26 1000000000000000000
26 1000000000000000000
26 1000000000000000000
26 1000000000000000000
26 1000000000000000000
26 1000000000000000000
26 1000000000000000000
26 1000000000000000000
26 1000000000000000000
26 1000000000000000000
26 1000000000000000000
26 1000000000000000000
26 1000000000000000000
26 1000000000000000000
26 1000000000000000000
26 1000000000000000000
26 1000000000000000000
26 1000000000000000000
26 1000000000000000000
26 1000000000000000000
26 1000000000000000000
26 1000000000000000000
26 1000000000000000000
26 1000000000000000000
26 1000000000000000000
26 1000000000000000000
26 1000000000000000000
26 1000000000000000000
26 1000000000000000000
26 1000000000000000000
26 1000000000000000000
26 1000000000000000000
26 1000000000000000000
26 1000000000000000000
26 1000000000000000000
26 1000000000000000000
26 1000000000000000000
26 1000000000000000000
26 1000000000000000000
26 1000000000000000000
26 1000000000000000000
26 1000000000000000000
26 1000000000000000000
26 1000000000000000000
26 1000000000000000000
26 1000000000000000000
26 1000000000000000000
26 1000000000000000000
26 1000000000000000000
26 1000000000000000000
26 1000000000000000000
26 1000000000000000000
26 1000000000000000000
26 1000000000000000000
26 1000000000000000000
26 1000000000000000000
26 1000000000000000000
26 1000000000000000000
26 1000000000000000000
26 1000000000000000000
26 1000000000000000000
26 1000000000000000000
26 1000000000000000000
26 1000000000000000000
26 1000000000000000000
26 1000000000000000000
26 1000000000000000000
26 1000000000000000000
26 1000000000000000000
26 1000000000000000000
