10000 10000
696
530
1
247
620
635
375
234
577
959
199
131
777
853
183
918
706
27
82
359
509
846
57
300
607
976
506
539
982
980
458
648
389
210
233
124
442
721
822
984
284
820
452
293
872
706
975
49
658
770
150
342
509
153
693
417
655
68
459
580
538
664
628
200
282
528
646
177
760
114
971
241
403
26
22
421
385
198
233
72
493
977
388
585
503
945
219
472
337
480
93
822
327
906
295
549
58
46
380
339
328
715
727
391
985
571
804
381
704
141
50
362
614
566
148
820
303
881
723
428
774
30
977
559
116
698
619
790
116
174
104
809
503
21
495
98
712
884
716
833
959
883
658
486
854
829
476
822
281
968
44
36
878
160
514
96
116
411
753
256
728
669
434
187
977
506
449
129
749
950
101
164
248
287
288
738
788
43
417
520
115
483
5
129
42
631
401
447
36
496
687
574
210
887
987
144
764
367
226
452
476
603
688
347
325
746
508
714
507
172
377
373
999
578
33
467
865
882
740
726
761
51
771
666
898
555
170
137
199
769
556
97
229
209
814
834
244
374
620
405
979
62
405
639
789
376
467
585
827
901
578
668
535
852
633
413
949
798
568
436
605
936
628
245
538
725
696
237
928
925
134
12
727
48
908
512
454
299
659
429
813
243
858
964
554
772
754
642
569
930
884
674
809
421
731
843
568
301
227
431
496
454
31
794
126
767
802
465
449
829
982
569
663
176
289
891
481
285
474
337
483
345
441
439
821
859
109
716
620
407
222
52
53
759
875
20
824
687
147
506
42
47
449
313
290
361
432
193
46
959
488
853
489
285
980
323
355
965
757
358
883
622
204
221
146
179
762
904
402
942
315
649
547
839
6
915
903
424
184
248
248
332
515
401
598
254
668
72
664
358
817
50
174
174
25
763
985
346
394
742
109
708
568
381
130
977
589
36
365
544
412
239
82
862
945
344
329
717
305
380
380
948
609
125
601
387
625
675
787
333
2
910
349
652
805
538
574
15
468
62
348
996
722
31
601
505
435
547
402
503
347
963
682
182
383
479
594
728
565
440
369
724
660
99
724
128
812
273
123
709
578
284
124
718
922
445
473
634
165
437
394
117
367
291
481
603
344
205
249
967
421
780
316
57
682
623
45
366
103
453
159
932
251
375
270
394
224
408
131
305
915
802
572
746
775
420
146
94
676
432
65
199
90
28
488
258
736
625
310
411
432
968
700
491
352
803
66
919
221
547
941
49
413
238
63
638
503
724
686
847
907
848
983
518
636
436
778
123
315
119
486
66
953
243
330
622
671
174
529
629
709
434
476
753
693
872
392
389
601
982
111
415
137
494
495
724
710
321
136
116
245
226
526
511
284
845
462
820
693
267
359
927
163
487
330
298
471
982
305
992
968
406
646
165
406
991
811
298
321
977
17
432
684
466
351
595
970
563
181
89
180
2
615
473
472
806
144
718
831
816
610
33
586
283
220
379
786
566
200
916
541
608
381
453
448
249
996
602
408
481
570
682
417
795
203
830
445
392
459
45
127
28
404
907
366
53
350
874
575
611
792
210
633
518
168
204
883
627
522
940
416
134
827
699
821
111
700
841
655
721
335
106
783
739
635
378
180
138
55
950
129
856
173
204
687
27
680
565
414
49
810
273
358
800
520
946
167
348
884
76
590
959
944
891
228
148
745
342
111
947
526
102
13
976
474
207
151
624
668
664
355
807
794
123
82
535
167
224
4
153
639
541
569
581
430
492
861
32
509
360
869
9
69
737
226
649
382
433
938
260
167
802
321
81
623
119
654
528
556
788
354
310
275
956
167
225
473
135
982
616
877
892
231
554
826
518
408
677
188
630
346
559
677
274
579
681
903
32
96
230
654
556
318
536
869
468
240
873
117
404
480
169
622
821
34
79
977
935
286
513
512
29
171
154
336
620
816
259
465
881
921
865
923
449
263
788
327
447
248
899
910
941
410
194
973
907
844
545
785
878
511
451
200
952
524
600
769
607
810
474
38
891
184
880
355
937
29
369
489
521
898
982
886
972
138
678
435
277
175
769
702
412
184
624
873
550
878
467
165
379
84
355
292
926
750
958
972
656
100
467
284
820
37
377
715
453
334
72
945
234
730
996
702
844
960
207
719
644
845
435
717
297
719
922
965
838
459
703
982
166
600
922
174
478
372
169
755
467
15
455
168
553
984
642
174
153
369
357
85
917
242
349
777
654
353
881
41
930
844
533
339
274
224
981
39
94
894
765
341
693
570
55
387
636
539
306
21
142
334
450
514
632
516
17
328
928
464
211
260
852
424
619
850
191
354
369
247
182
795
395
449
972
773
457
201
917
976
458
355
968
360
89
238
801
42
893
498
956
895
559
458
221
482
319
459
282
885
112
113
547
281
661
42
1000
739
952
176
571
738
21
720
247
626
25
320
551
28
161
730
351
304
142
424
432
381
739
754
578
549
934
693
526
935
482
685
661
824
40
468
736
322
70
52
409
892
20
669
523
705
509
627
190
637
622
532
344
981
447
58
130
328
42
838
858
784
435
350
6
691
918
299
596
950
408
679
368
541
833
30
737
112
776
847
404
872
178
421
667
326
236
900
142
415
992
45
328
363
54
408
17
162
694
538
704
457
962
770
772
738
377
332
961
215
485
342
933
290
589
490
283
392
866
89
861
804
530
364
137
158
1
313
361
167
568
218
5
813
373
736
880
901
6
917
475
918
794
473
575
883
943
370
819
534
15
582
744
14
903
372
7
981
992
822
79
935
999
434
622
660
229
453
418
105
578
553
854
561
635
198
797
758
976
596
769
268
351
117
506
380
784
986
928
109
556
679
100
713
144
675
555
870
370
221
425
154
584
573
480
355
231
658
361
213
959
4
440
176
662
196
560
321
26
714
481
102
510
366
821
357
280
749
298
127
227
427
153
134
380
785
845
114
394
750
886
157
945
532
550
763
945
455
683
456
612
709
909
306
171
755
10
317
666
937
874
418
243
203
254
17
358
40
488
796
497
770
312
399
854
717
376
354
196
158
780
519
26
322
557
805
436
663
248
79
122
458
82
152
344
539
651
378
43
96
346
570
886
659
384
222
75
356
452
717
88
334
783
308
475
573
916
996
757
829
90
340
432
204
351
624
866
940
811
559
548
614
780
308
509
210
385
63
180
928
423
699
156
854
108
888
175
160
736
229
431
240
922
957
508
188
881
687
748
518
508
870
405
388
820
411
143
198
528
20
745
896
736
711
48
869
809
988
128
515
109
306
236
713
207
367
846
442
339
229
173
93
230
546
990
109
489
314
21
475
353
950
335
491
173
954
691
739
538
671
216
810
10
222
441
669
917
752
100
750
344
716
868
234
174
259
942
239
977
910
55
158
647
414
127
317
823
13
539
490
890
552
212
664
702
457
826
776
393
956
838
316
408
421
95
51
709
464
586
423
799
707
312
51
18
468
605
268
398
888
807
334
531
804
327
86
451
325
909
182
583
668
463
408
621
155
83
142
431
81
399
623
968
948
277
325
838
823
38
897
176
586
157
244
582
256
554
174
39
486
596
517
408
735
61
177
775
457
925
236
817
248
419
944
202
691
717
806
871
523
101
635
894
709
516
489
495
670
447
765
934
831
968
417
967
2
591
86
754
206
892
511
931
669
617
267
196
174
936
135
224
102
853
158
929
547
883
549
842
605
234
631
698
154
171
870
842
83
943
159
88
711
720
380
841
264
546
342
340
823
444
403
523
517
436
726
865
731
301
958
394
407
808
420
165
620
407
839
833
907
274
852
875
201
623
454
627
362
382
702
674
282
882
751
651
294
493
535
657
171
832
796
218
916
600
32
178
846
575
797
465
214
970
79
801
697
122
813
366
40
260
440
53
876
98
826
340
144
675
164
746
132
969
370
840
131
308
530
328
523
742
388
193
593
529
762
264
950
791
776
207
27
511
141
622
327
157
83
954
802
975
14
532
658
502
895
439
674
636
935
957
187
831
796
920
976
232
818
534
643
989
701
830
10
970
693
440
304
380
267
213
839
625
607
249
22
500
952
647
920
628
898
389
251
376
77
535
286
135
36
223
395
422
25
694
220
104
902
47
987
227
405
796
562
420
67
672
866
735
427
518
34
808
606
893
338
419
470
353
378
365
572
261
761
468
388
663
665
552
254
23
602
700
459
429
726
873
810
692
937
273
478
195
769
668
10
903
234
864
457
181
862
913
427
314
871
849
179
422
720
719
129
842
348
528
248
261
483
377
994
250
558
108
250
836
120
721
632
214
780
202
736
508
5
638
939
873
588
850
798
988
721
434
439
764
195
615
883
147
336
606
12
164
328
506
165
417
323
722
572
755
284
651
673
32
878
72
110
696
670
162
539
153
830
312
666
366
578
729
466
951
669
950
337
784
353
81
362
490
206
873
457
3
300
386
104
238
21
201
712
361
727
395
562
101
154
877
781
31
47
48
150
272
852
2
21
671
888
457
946
398
350
969
226
343
650
263
320
450
945
932
510
780
821
719
672
905
170
61
93
173
665
258
957
113
154
705
804
583
298
424
115
755
967
607
517
417
765
510
625
161
659
495
396
121
587
61
293
35
311
949
236
658
520
756
143
28
984
78
213
296
999
184
513
879
417
567
850
708
78
256
579
997
996
780
373
212
258
835
909
430
619
629
313
128
916
420
593
84
182
401
403
457
552
407
768
470
650
621
620
978
457
711
715
223
27
639
277
757
779
878
259
803
272
281
635
879
312
663
784
927
893
887
137
728
180
494
518
944
912
530
881
594
533
945
974
79
127
621
339
16
535
154
44
457
408
900
49
43
511
908
610
652
294
194
793
551
605
635
50
432
746
142
471
368
975
666
486
321
175
244
409
106
270
891
311
54
465
856
788
86
818
519
918
860
376
603
747
939
397
204
726
871
749
253
460
764
597
995
262
69
499
562
176
78
927
771
877
5
277
739
187
190
931
742
548
943
36
282
408
777
817
388
379
639
636
705
864
623
355
592
344
209
602
79
661
312
580
488
797
315
816
694
894
735
879
517
710
991
561
508
118
639
334
267
301
54
713
651
925
694
85
714
752
27
428
38
173
700
29
963
293
597
207
502
463
151
309
171
505
348
608
637
398
602
920
75
9
893
861
309
386
501
692
433
810
478
836
311
481
730
135
643
156
162
557
948
919
133
863
930
119
244
591
732
3
567
779
81
806
949
259
376
922
66
660
32
117
527
429
75
242
630
135
551
696
401
604
348
898
559
778
465
108
816
704
616
752
593
844
400
139
14
288
979
717
364
626
272
110
511
692
668
401
86
92
80
488
961
26
281
201
329
32
825
510
527
322
847
163
877
857
895
730
306
58
879
502
897
479
471
644
145
549
916
56
617
541
619
729
884
211
605
462
595
462
435
817
67
388
375
319
174
946
162
178
847
473
673
807
141
998
787
615
504
328
457
404
99
700
89
309
831
607
245
239
776
539
482
352
824
721
196
627
242
600
556
418
10
70
111
356
428
582
891
778
316
337
868
711
501
763
498
228
802
819
737
69
837
413
905
123
520
675
124
957
188
664
351
638
686
795
988
386
428
950
458
629
895
329
80
88
115
787
931
843
265
525
530
659
686
925
102
978
516
924
517
773
320
110
754
183
324
411
751
64
149
688
125
911
158
531
129
296
144
485
859
848
571
76
196
368
119
246
446
739
617
188
135
372
258
152
344
521
760
889
123
304
730
157
403
555
697
453
280
731
822
988
619
245
41
277
185
669
366
54
323
420
424
192
838
503
334
647
211
875
806
976
664
102
856
154
550
928
378
92
57
118
951
5
694
948
560
446
310
462
263
456
196
951
472
961
794
673
334
931
184
33
951
550
479
909
237
517
748
287
32
565
660
7
771
474
262
870
509
447
44
574
920
940
879
395
797
690
268
889
886
642
385
117
102
157
403
708
163
353
401
844
275
420
364
423
888
926
453
360
940
219
378
21
881
145
95
200
654
747
293
788
384
82
263
845
848
264
720
82
594
38
633
322
504
892
721
188
30
668
120
982
638
896
41
747
769
72
395
206
280
388
208
612
16
133
849
142
930
523
859
391
313
984
378
425
464
426
108
560
782
966
171
910
737
522
840
69
508
169
12
754
500
674
789
395
228
95
269
393
980
379
561
839
135
972
332
238
870
736
439
988
103
963
170
120
920
690
334
114
580
616
53
410
386
678
180
391
171
956
599
227
678
530
548
400
149
771
393
752
833
407
725
50
729
250
254
29
390
927
12
861
891
413
631
182
460
123
32
472
343
124
573
157
770
500
609
537
312
411
229
421
370
308
762
766
850
970
846
443
103
487
117
415
514
672
65
761
245
519
390
60
280
419
535
103
489
944
595
771
524
836
239
294
70
630
728
826
70
301
734
425
42
995
987
728
303
882
668
409
843
319
731
860
184
151
943
895
682
93
666
952
861
253
982
310
671
767
29
183
41
929
277
316
308
594
157
645
783
148
153
978
611
582
644
147
628
548
683
185
426
810
861
177
517
155
968
863
252
381
194
523
161
493
788
770
114
308
183
333
922
910
340
964
137
97
960
761
566
639
335
584
521
370
730
535
585
224
32
495
848
256
156
965
18
907
30
704
139
152
659
991
880
316
146
790
301
530
213
720
832
775
966
758
809
9
726
458
486
109
741
443
264
810
205
709
295
868
779
981
846
343
397
2
251
602
95
854
663
887
984
598
571
778
197
202
530
444
208
318
64
270
998
785
440
871
245
41
871
485
816
622
848
269
760
630
758
425
256
994
1
829
733
86
326
412
486
891
340
946
420
810
830
839
46
803
413
880
487
779
783
12
35
72
313
37
764
340
15
149
246
664
818
439
345
320
197
487
158
116
118
322
437
784
992
484
550
212
303
18
295
259
645
228
47
794
710
508
593
829
667
820
429
98
101
647
619
38
849
924
117
420
992
273
930
513
447
621
572
319
223
141
998
339
315
968
746
278
457
723
932
391
241
962
200
573
113
890
788
44
580
410
872
264
109
310
642
413
663
900
8
831
790
965
484
444
146
979
443
285
345
760
681
692
348
636
787
216
352
504
172
963
690
428
132
806
858
713
213
181
364
598
747
1
324
285
589
626
843
480
416
840
563
71
597
60
135
393
938
768
793
994
186
146
51
869
512
838
225
424
338
70
735
83
889
749
39
77
591
277
952
553
666
525
372
404
697
729
194
415
669
546
930
813
402
549
588
999
583
356
972
428
658
184
811
950
807
259
93
27
693
242
150
682
121
639
330
735
862
326
612
513
127
693
363
305
538
982
973
641
917
753
139
42
265
556
54
586
33
434
297
43
972
275
726
76
681
74
631
403
303
557
450
35
107
300
978
25
906
154
175
749
841
320
384
434
47
625
854
9
983
553
15
430
483
6
978
957
444
422
857
623
992
390
150
631
385
102
162
93
607
255
639
529
281
748
97
362
307
133
580
106
806
918
422
178
467
267
842
830
717
521
889
461
728
356
47
58
287
262
952
418
520
543
923
463
666
460
175
848
616
507
530
221
892
552
650
656
916
204
192
939
62
807
146
514
971
627
376
548
855
878
536
376
525
382
864
526
69
872
726
176
608
69
550
842
253
141
387
813
427
404
641
780
883
110
225
204
470
228
772
388
518
911
138
490
478
604
725
951
110
729
199
203
944
283
495
813
917
998
378
248
204
421
388
43
192
780
845
552
973
287
900
782
367
586
584
843
870
908
69
384
658
455
501
2
510
138
24
899
327
877
520
989
391
168
742
788
864
227
430
624
98
867
523
464
675
587
171
683
702
279
29
18
525
936
794
802
953
120
937
700
646
150
709
32
775
397
338
961
594
526
726
325
456
86
118
295
885
47
431
625
675
852
780
842
673
602
647
646
854
144
49
401
490
523
404
171
867
25
633
49
953
915
433
694
342
565
542
497
595
211
813
406
215
399
654
488
467
841
29
510
85
586
169
72
782
278
178
496
38
772
872
11
260
381
805
230
44
727
831
912
720
243
41
874
569
48
120
923
644
420
413
215
802
67
98
550
296
548
526
490
832
211
576
670
82
536
504
217
691
108
707
704
1
468
528
710
960
315
72
753
793
692
631
373
92
908
788
323
717
424
132
516
603
46
199
886
277
562
536
180
882
518
688
374
897
179
966
5
749
788
384
10
266
87
155
193
887
396
445
974
271
276
245
754
860
773
174
93
888
806
177
942
556
177
38
373
478
200
184
970
55
294
786
664
270
33
309
123
93
303
877
73
147
994
157
429
130
977
233
64
599
492
920
118
390
735
795
166
398
997
570
23
959
368
858
622
449
451
605
480
927
470
702
462
950
766
184
11
643
282
307
370
820
800
160
625
439
452
414
333
161
293
69
220
318
634
949
258
176
261
324
495
834
2
810
947
123
136
926
218
843
149
126
404
268
967
242
564
777
732
184
392
113
402
240
760
682
248
429
230
459
839
316
366
573
509
806
336
242
740
184
763
255
536
295
2
245
442
220
338
781
682
606
939
177
238
425
974
941
669
878
198
353
240
669
198
661
370
922
487
763
191
315
992
729
192
4
230
20
932
189
944
370
399
236
787
665
653
776
102
148
356
757
655
95
138
206
629
382
518
130
48
68
392
894
261
678
638
289
928
493
539
389
573
358
460
48
453
560
880
81
267
518
733
200
644
169
139
517
886
565
129
932
199
513
25
822
526
144
738
453
466
464
307
282
769
959
842
824
772
166
763
663
591
650
731
748
634
842
514
77
602
321
698
328
310
452
49
627
119
380
526
149
242
509
100
998
98
174
727
495
504
925
285
73
23
131
999
95
992
42
141
645
737
428
817
671
4
32
821
795
266
453
289
265
566
423
478
645
451
508
415
569
650
122
798
81
37
146
995
645
438
339
14
894
93
475
828
316
696
853
257
124
161
172
35
183
273
271
863
453
700
608
699
501
203
991
482
656
588
688
534
946
386
834
561
101
59
299
293
925
430
385
956
652
188
910
739
615
306
555
63
528
372
529
593
251
414
267
706
192
133
490
612
796
467
660
175
676
956
214
566
11
445
610
18
896
485
911
7
191
437
885
46
544
237
545
644
583
926
610
633
223
64
529
658
878
801
320
873
946
253
35
438
846
838
943
154
187
853
315
389
252
464
72
1000
56
273
693
498
127
913
78
803
278
658
159
230
673
740
686
127
68
444
461
794
115
444
507
878
882
103
732
39
598
913
65
15
620
311
593
662
304
304
816
390
840
901
682
601
186
952
371
387
910
511
543
722
365
981
758
715
55
763
175
357
165
479
509
862
414
878
960
19
694
689
88
62
594
159
510
440
624
395
886
86
577
437
230
759
73
106
216
477
954
123
306
776
470
413
298
945
946
363
707
277
962
60
238
578
992
59
45
628
609
118
219
846
484
328
552
341
430
755
370
353
751
71
7
626
173
53
278
543
881
545
93
41
248
148
992
858
275
559
932
224
125
725
588
641
785
40
754
239
963
484
686
144
755
245
11
272
342
29
208
33
632
932
580
769
646
194
152
802
339
890
386
693
710
919
969
352
732
473
920
82
451
90
686
178
498
878
763
751
958
616
946
783
491
657
594
793
746
297
836
903
35
209
201
354
980
712
854
97
554
417
782
70
634
326
350
551
197
176
17
625
971
122
940
256
930
319
760
851
464
648
729
323
817
729
421
303
94
495
522
723
742
856
936
436
247
621
394
695
228
904
152
649
293
330
357
247
20
236
669
738
396
786
240
305
49
898
187
32
478
33
409
471
760
564
425
977
656
598
260
1000
682
45
663
473
478
891
171
348
391
646
508
243
406
100
475
966
217
62
191
714
613
79
624
471
184
132
906
374
172
613
994
50
205
352
649
60
801
694
735
172
411
820
2
153
209
110
409
581
376
272
405
466
35
33
274
264
303
143
637
619
564
348
555
584
58
166
579
674
191
678
761
894
628
411
897
199
323
47
910
546
526
985
194
404
356
823
397
801
128
739
101
771
251
898
497
23
243
890
355
84
479
534
211
339
762
968
100
284
286
680
711
740
331
448
238
294
315
749
573
427
940
74
29
374
838
206
73
506
461
214
351
906
133
247
408
279
546
231
371
569
435
877
176
398
163
441
545
349
98
429
613
143
850
452
783
369
806
717
764
819
359
92
986
559
333
250
807
827
521
830
492
598
795
845
919
920
489
211
643
703
155
650
691
316
894
578
938
882
352
21
149
43
550
901
690
718
850
33
292
354
731
255
649
982
90
246
44
359
354
193
377
27
740
715
817
712
521
668
245
753
579
358
552
16
894
888
30
751
975
395
589
92
251
658
822
448
414
63
239
724
700
35
366
314
252
703
309
909
345
298
422
703
162
591
364
421
735
863
495
394
915
846
731
748
374
103
355
895
772
893
399
317
459
512
185
918
446
912
836
268
747
680
591
688
706
409
5
856
279
626
932
288
278
445
472
253
349
138
846
27
323
528
364
747
679
837
470
811
431
693
869
186
891
245
913
854
235
509
979
196
783
469
587
235
40
172
340
336
603
186
453
521
992
412
313
242
322
113
828
759
570
284
916
272
650
824
38
290
672
17
175
129
980
995
347
452
582
187
396
214
224
556
721
874
799
83
429
613
722
409
890
270
309
587
270
477
666
898
453
958
277
478
284
418
703
849
645
216
54
868
816
599
703
551
730
213
834
279
831
663
459
705
627
738
276
730
490
989
649
914
279
933
162
668
271
445
939
875
369
360
387
137
547
613
28
886
798
223
93
474
892
714
900
779
626
591
687
416
897
986
289
765
731
255
68
463
254
941
60
290
622
976
842
200
502
816
768
272
410
513
162
724
57
902
307
4
241
873
567
424
802
541
734
336
123
860
857
590
886
948
524
677
333
277
287
610
544
15
464
442
424
421
443
574
565
799
784
183
100
187
738
248
556
11
842
347
597
569
312
52
860
583
969
239
653
233
967
609
56
883
32
873
423
116
798
173
160
362
879
552
673
117
962
697
828
801
403
618
673
569
286
159
519
934
45
304
933
544
930
233
796
903
848
640
880
513
119
534
934
387
33
153
618
144
699
138
926
662
495
479
657
816
571
604
90
159
728
178
376
270
422
510
719
556
512
20
70
575
272
417
444
895
837
261
642
876
668
601
361
898
436
646
877
80
654
712
836
681
890
230
60
526
225
985
368
943
441
251
660
318
570
592
930
87
999
783
833
679
723
149
907
346
763
840
682
305
916
348
249
594
371
567
140
781
150
357
432
198
141
423
935
902
572
577
424
382
780
273
726
367
44
475
362
253
343
287
439
597
563
97
540
877
975
422
347
416
322
708
192
165
302
822
719
115
236
768
806
120
149
832
158
615
185
346
723
807
788
502
696
627
636
325
923
667
601
516
954
603
213
486
852
446
548
937
670
292
182
713
272
661
995
247
823
566
148
646
542
974
366
863
798
919
789
384
327
27
256
263
144
905
47
202
217
954
740
915
201
522
83
523
554
274
178
469
412
288
777
681
765
195
228
258
873
995
702
985
593
19
190
629
420
421
330
126
406
353
185
771
398
833
710
274
542
907
725
818
992
394
119
259
450
717
268
354
323
548
719
101
663
240
528
291
724
627
319
153
23
986
65
360
864
775
893
902
980
143
376
912
458
163
598
484
15
38
885
769
477
581
453
165
221
853
462
537
346
701
956
118
572
263
541
663
406
505
619
468
79
259
264
679
100
274
913
167
794
62
771
600
432
193
364
235
920
901
443
44
823
567
816
430
467
890
140
963
771
572
688
729
628
772
643
900
694
601
650
263
1000
353
287
880
798
127
886
776
23
504
640
350
892
10
726
19
553
839
697
128
938
156
428
636
303
539
271
613
904
357
645
285
719
777
395
968
875
872
217
303
452
867
639
995
987
82
320
38
219
606
571
95
182
205
664
747
119
964
129
397
48
193
234
740
568
45
508
21
476
259
937
318
338
894
147
531
507
859
168
876
253
300
465
957
525
150
260
645
691
635
43
700
177
401
197
592
516
777
221
137
43
223
985
238
687
819
998
176
229
556
562
82
503
814
928
115
40
651
894
127
598
113
691
235
60
11
99
605
71
127
98
303
120
368
546
27
562
369
275
190
609
504
538
791
285
212
933
720
456
425
796
191
810
408
480
970
850
741
420
353
70
440
240
333
986
853
841
715
132
973
803
684
773
655
227
469
564
393
284
289
960
424
192
142
695
213
12
127
327
54
110
416
141
106
387
893
570
988
297
744
695
985
103
996
641
154
825
297
446
341
464
860
975
391
119
850
692
954
466
342
874
60
489
87
11
543
423
346
530
937
853
142
110
286
59
59
461
643
475
88
283
301
311
71
961
886
768
238
592
384
548
543
613
349
836
912
866
770
335
263
191
967
607
199
666
174
16
232
471
375
921
660
700
965
942
561
981
972
616
590
892
864
316
255
482
337
309
698
806
228
812
23
484
287
785
242
978
751
631
108
214
36
688
624
329
213
771
492
712
246
69
534
174
285
394
271
239
980
510
42
874
89
919
139
932
420
105
181
960
2
735
284
785
14
696
803
250
888
466
776
610
717
808
554
738
699
151
932
208
87
461
984
973
302
583
827
950
413
128
767
827
381
201
977
474
995
753
104
378
377
135
210
39
369
269
145
877
742
904
868
850
547
430
932
763
296
379
900
894
651
112
396
398
682
222
128
167
583
304
361
155
722
268
715
923
513
165
112
555
348
9
298
563
395
319
807
910
385
581
425
640
930
387
989
955
607
987
900
853
573
891
227
164
267
96
533
63
273
610
917
513
742
90
374
536
50
374
873
108
433
921
486
604
975
762
953
780
961
748
960
918
819
460
916
835
412
996
17
113
902
81
187
871
459
965
137
50
204
61
610
651
314
769
352
890
697
105
714
798
808
864
602
701
956
267
781
793
545
764
703
703
451
922
312
500
60
550
976
746
672
632
799
827
789
755
262
402
364
797
567
507
922
467
615
848
121
482
295
849
26
959
135
309
753
557
858
48
612
837
869
295
309
697
559
54
51
770
621
206
600
113
472
401
831
43
913
359
742
431
745
424
580
135
448
779
792
267
347
915
660
543
886
666
792
581
364
62
170
583
487
971
464
607
834
735
991
5
900
146
442
377
226
338
659
86
668
170
682
180
40
718
624
447
289
40
713
238
370
479
813
920
603
566
775
297
893
758
361
755
880
436
850
7
100
13
181
836
77
523
782
914
530
869
794
922
525
683
263
941
833
252
105
725
364
909
953
557
349
137
992
74
462
731
384
431
709
203
152
977
329
390
876
407
262
5
169
26
428
720
335
916
845
85
875
578
460
462
834
381
973
310
875
300
52
567
2
238
397
441
823
482
566
938
729
569
243
655
23
818
580
374
214
232
7
516
628
926
934
181
391
654
909
325
854
255
793
136
78
718
822
802
242
803
550
502
584
971
214
906
502
914
565
802
823
56
68
467
868
29
835
507
960
41
744
268
322
489
354
827
502
117
233
88
8
518
797
544
789
613
944
39
138
232
984
852
460
353
421
858
525
963
964
153
28
505
126
518
704
31
567
769
316
911
946
155
139
783
885
255
488
700
526
951
764
735
473
524
398
829
572
276
474
406
932
621
72
652
263
606
984
947
857
291
871
867
297
313
346
145
733
945
624
244
515
489
9
823
811
283
434
147
593
619
727
541
858
125
403
975
67
674
616
604
203
590
232
142
329
310
386
723
366
487
452
896
1000
729
24
503
361
472
988
854
676
89
373
211
671
840
983
972
855
882
243
849
697
490
782
662
298
113
722
200
981
176
480
677
618
571
436
563
841
140
425
948
160
271
913
85
861
280
300
325
844
50
942
984
820
493
149
988
741
337
770
932
407
445
600
253
398
438
475
864
516
491
569
599
374
858
483
191
360
275
895
103
798
781
147
821
468
922
713
386
892
757
776
838
784
196
90
250
275
748
381
133
247
957
309
680
221
304
346
835
294
683
826
31
306
81
101
250
497
674
589
199
747
81
585
665
212
582
131
494
969
905
36
939
797
61
267
138
365
796
126
508
980
466
564
580
878
775
666
77
423
607
447
789
886
419
10
485
165
242
904
15
108
852
760
895
796
138
460
972
538
676
223
240
271
890
532
141
62
205
562
668
379
921
885
634
534
440
221
735
500
251
701
119
401
395
543
468
372
941
705
486
914
913
534
340
754
709
124
48
942
902
323
821
425
737
664
262
244
129
245
838
577
852
765
827
204
790
895
36
710
861
906
781
45
15
849
315
681
116
828
796
434
763
462
317
818
85
65
868
97
588
221
799
710
603
289
347
879
502
907
457
724
918
813
23
458
751
493
50
223
377
203
917
861
139
169
751
805
968
79
618
598
801
855
199
35
154
462
924
449
172
808
64
711
329
82
700
893
675
894
443
823
777
659
440
954
498
902
332
168
95
606
604
861
733
766
654
247
340
754
910
505
122
823
184
305
738
337
159
278
820
113
957
177
28
812
150
498
486
869
191
76
631
687
579
29
118
764
67
902
669
398
533
76
532
495
493
745
408
878
376
555
141
440
718
381
827
298
110
29
552
688
508
91
368
397
552
558
28
270
882
235
125
956
654
612
270
208
664
950
332
681
606
62
659
69
217
292
485
477
957
765
217
740
511
60
491
914
309
875
268
527
740
10
316
617
630
838
722
235
928
507
999
124
684
692
695
596
217
252
115
237
866
823
484
106
119
4
333
5
357
730
248
489
688
583
526
830
877
48
74
165
997
907
458
153
812
429
226
971
382
996
488
561
376
117
221
964
23
577
92
545
365
747
521
658
624
452
403
917
763
615
774
448
883
519
334
129
994
312
133
595
520
804
321
317
972
255
494
882
512
870
3
756
181
325
837
142
212
45
180
399
176
778
957
935
988
400
148
877
974
504
431
761
427
738
194
497
279
310
437
819
315
520
211
825
581
763
503
74
77
647
96
784
428
523
135
257
740
452
187
713
380
74
445
275
764
161
154
756
248
258
789
50
834
217
786
970
27
83
961
798
288
567
143
390
325
706
340
458
212
262
266
370
565
14
112
412
447
148
410
54
288
604
210
596
987
784
800
163
441
538
929
651
524
710
409
914
603
385
255
591
591
353
469
222
13
990
983
155
945
183
301
933
166
934
766
287
289
768
887
564
925
143
696
655
206
979
26
449
564
21
280
763
297
604
93
644
463
546
733
905
682
182
939
989
284
103
753
633
936
27
877
353
431
825
537
762
494
935
998
204
403
378
192
87
171
374
412
410
152
722
141
1000
234
46
417
633
316
970
1000
411
647
139
276
906
452
699
533
88
647
397
16
165
68
40
740
152
578
852
29
781
453
228
774
935
812
521
656
605
816
482
560
485
173
123
495
358
702
884
841
498
66
152
930
583
304
428
595
568
547
288
792
275
624
468
959
862
51
622
209
367
896
911
715
405
119
167
228
203
443
767
538
302
296
314
256
583
39
149
864
575
36
961
960
942
516
651
625
705
561
101
46
653
263
252
190
783
151
496
653
1000
313
803
645
540
57
890
863
90
473
675
652
298
535
99
523
292
513
304
489
48
440
212
41
915
337
167
185
420
910
450
433
310
413
29
713
22
50
643
316
493
525
400
657
328
137
724
699
29
604
407
396
50
379
858
723
848
397
622
223
289
436
455
270
987
178
517
392
484
118
54
846
531
409
835
496
64
193
877
997
32
635
515
160
366
595
280
303
703
41
764
137
347
16
42
453
339
171
668
78
127
45
775
714
706
245
56
867
491
910
348
667
280
145
472
132
621
661
800
98
947
142
518
620
147
662
242
994
248
873
657
600
314
325
745
265
991
264
651
889
778
180
66
732
376
849
162
754
191
834
495
272
166
943
255
637
221
743
121
522
707
85
372
45
596
711
191
918
766
346
363
840
210
695
113
635
478
755
624
401
793
447
187
452
576
194
243
335
842
798
930
676
425
858
769
183
991
118
178
854
67
487
151
297
22
939
404
488
439
27
493
310
969
560
679
253
390
642
333
405
999
156
849
815
368
694
514
436
627
15
690
528
976
328
272
11
569
676
13
821
855
282
222
185
83
223
529
346
203
543
467
246
719
358
647
927
471
739
793
335
554
729
278
423
7
747
861
19
480
263
864
270
872
493
555
103
595
918
870
294
427
616
191
859
759
893
214
586
53
791
357
971
626
689
430
786
648
227
159
727
196
62
437
186
913
850
947
182
968
688
224
517
29
736
442
257
217
203
186
293
742
918
789
379
78
832
632
943
376
985
320
841
799
984
593
588
593
136
721
354
355
129
584
139
796
303
10
402
651
529
724
418
578
177
357
634
56
387
565
666
995
948
492
822
401
515
666
923
238
749
232
168
899
244
46
294
337
603
856
152
706
780
384
306
548
29
579
334
375
524
629
581
651
642
279
247
952
365
419
664
905
239
985
529
841
77
535
321
506
567
48
859
218
126
392
939
967
581
244
869
144
79
946
814
918
645
981
926
47
57
239
473
440
980
143
861
676
547
691
552
718
947
204
398
201
971
590
710
411
152
267
64
225
945
134
51
137
747
322
503
711
58
175
375
790
108
395
578
255
468
395
836
71
953
682
575
603
301
643
580
362
466
382
313
28
939
997
884
186
221
292
649
957
545
823
41
541
19
729
486
704
869
952
992
162
723
869
944
118
366
949
782
992
705
331
386
632
205
569
189
602
571
717
356
775
803
524
41
619
116
436
814
790
396
219
410
385
195
298
253
253
404
936
64
923
395
682
372
868
811
454
12
309
249
1
818
253
119
665
293
25
393
241
490
61
59
603
485
128
124
354
744
870
340
606
54
12
487
925
577
818
210
594
765
573
804
657
72
245
145
704
606
196
698
864
630
590
265
351
561
70
126
21
340
904
202
144
532
840
441
513
172
838
18
350
550
250
832
473
604
202
60
997
365
783
554
984
239
472
297
579
254
150
737
173
736
708
7
289
958
626
583
66
75
291
244
382
78
177
753
6
17
185
103
284
903
55
441
67
256
860
502
345
283
849
752
778
114
760
675
366
655
478
285
103
75
546
985
805
500
611
426
798
982
159
687
677
163
646
527
864
606
842
761
257
666
282
496
936
686
531
346
64
31
269
528
314
517
515
560
240
173
498
367
292
765
66
859
819
556
752
388
846
683
862
204
413
916
370
887
214
742
938
775
914
834
830
967
943
40
857
509
159
245
771
440
365
675
605
382
391
475
799
174
80
767
499
687
678
549
718
527
978
413
158
803
187
395
287
350
246
918
299
767
340
774
909
548
119
183
492
37
166
167
127
303
775
842
988
63
467
607
504
625
411
451
169
358
213
213
738
494
518
502
494
329
249
135
341
627
370
637
626
441
384
452
834
913
529
760
51
431
509
260
807
389
488
747
220
616
190
321
557
611
982
373
231
583
762
707
547
891
676
385
871
204
923
934
411
142
818
374
238
57
67
194
109
217
112
754
749
668
541
420
715
242
4
346
124
202
971
916
618
119
821
445
764
251
253
135
786
661
409
596
309
774
630
941
109
455
462
176
251
726
989
878
908
208
591
674
692
904
356
585
350
168
908
50
87
136
10
637
812
419
475
290
273
792
652
935
44
488
873
627
772
657
306
447
585
762
262
567
643
519
280
93
620
403
336
782
441
617
508
528
565
769
521
207
636
829
208
668
66
706
217
524
740
623
471
981
353
778
365
742
199
548
579
620
674
989
736
65
99
581
121
815
962
368
533
492
158
136
404
986
25
642
354
311
778
820
965
848
846
368
659
915
897
638
266
828
343
486
679
691
193
706
238
707
724
307
126
746
402
764
45
394
976
253
956
320
766
811
29
747
509
440
493
175
442
528
959
429
917
823
183
227
935
264
965
225
978
26
525
619
445
983
749
999
42
795
202
587
914
251
939
235
779
839
401
579
39
224
64
609
317
11
342
466
973
430
121
931
855
132
636
787
258
495
253
854
712
130
104
190
970
128
214
278
223
333
31
185
217
687
841
868
1
479
719
776
841
994
93
617
219
873
289
900
84
77
433
978
501
138
773
520
556
992
59
590
634
963
872
498
822
224
232
135
306
356
809
278
169
486
510
127
346
519
830
990
518
729
63
537
649
67
41
430
784
709
477
608
926
57
564
636
184
710
723
518
499
40
550
393
614
478
95
228
770
296
704
906
422
667
811
548
822
656
97
682
169
54
179
190
875
239
744
330
866
152
564
382
876
564
672
195
351
116
289
243
814
797
754
347
85
379
277
356
874
346
736
57
649
73
705
549
537
507
277
267
362
39
168
288
219
279
523
612
917
457
45
186
590
867
351
133
660
521
794
359
421
75
682
979
402
84
261
696
713
49
758
590
41
998
955
86
439
72
780
82
945
483
214
105
900
318
77
303
756
705
886
177
863
831
732
211
901
967
29
469
431
917
311
960
936
550
592
383
499
331
212
789
118
937
964
368
685
587
170
249
706
180
501
996
468
984
216
59
204
475
417
867
616
163
880
978
227
657
659
791
549
916
291
195
64
708
624
543
763
542
253
383
196
309
780
601
926
410
97
799
345
111
583
233
171
535
381
692
38
174
475
45
435
630
367
109
467
277
816
853
863
329
472
108
166
891
602
266
46
963
250
933
180
255
222
394
423
744
156
826
622
465
644
630
978
424
956
283
501
80
224
347
586
421
814
364
670
546
111
822
206
639
926
478
353
314
784
129
245
984
815
131
710
434
152
189
209
399
796
381
794
733
415
808
40
196
195
400
668
619
934
83
671
712
714
180
231
599
943
256
403
220
240
825
357
439
971
963
805
868
367
882
125
704
341
950
600
316
236
88
940
319
105
614
538
445
972
717
815
433
109
109
632
48
193
562
944
513
726
951
853
241
518
449
126
205
906
626
337
675
692
783
263
354
157
310
428
266
99
41
636
228
58
709
979
684
180
835
718
307
701
349
357
321
114
690
291
793
521
876
142
176
69
265
551
41
804
891
664
640
424
173
621
5
80
542
675
771
553
6
946
952
788
444
474
262
453
958
9
184
982
439
682
49
539
165
557
720
147
424
619
921
510
949
473
683
631
638
262
796
952
980
729
672
545
954
7
509
630
276
407
164
561
284
602
313
833
289
489
177
223
772
987
29
790
731
151
271
101
106
10
137
914
877
368
488
580
687
109
828
960
591
741
440
871
256
663
624
553
350
191
186
942
72
99
55
390
653
89
323
582
545
927
358
653
141
992
147
875
122
148
110
707
602
581
240
4
636
655
680
707
874
621
281
366
503
274
330
206
235
687
902
75
518
333
155
630
203
691
338
566
237
654
566
339
614
671
768
303
818
749
223
622
56
764
30
983
496
866
977
572
901
922
703
154
404
992
808
137
767
865
934
972
107
900
678
244
474
493
407
180
880
459
356
264
915
297
866
778
786
573
917
195
395
396
15
58
408
297
812
128
317
314
708
988
514
956
401
436
429
983
417
349
472
644
965
304
757
153
923
693
782
636
502
784
365
980
288
43
409
879
163
128
320
469
442
174
968
847
513
809
671
555
716
200
971
586
428
825
782
214
835
213
416
867
503
751
80
427
970
798
970
532
24
692
17
653
837
721
510
644
861
31
551
568
70
466
590
639
763
277
113
835
347
141
219
361
210
129
457
166
730
323
557
821
315
123
16
805
703
754
990
164
286
330
976
936
606
120
556
230
322
348
354
962
947
224
908
232
459
973
596
378
306
366
916
970
126
265
182
230
456
872
918
627
582
59
363
431
31
398
729
724
610
657
764
770
612
180
534
988
376
801
336
824
491
765
404
352
959
131
957
477
375
410
954
824
296
301
203
825
489
253
568
453
986
391
76
598
464
579
485
113
229
787
937
798
980
303
522
662
82
781
824
304
236
788
624
356
920
739
513
619
266
498
220
353
674
547
982
301
866
171
784
421
769
368
471
635
529
521
392
684
828
676
419
706
163
914
530
650
747
582
936
120
588
750
595
155
311
217
834
318
932
326
341
289
921
44
318
775
925
934
604
534
284
992
230
49
782
270
685
572
294
883
944
308
458
256
334
151
508
723
170
576
904
442
70
495
794
787
792
2
169
233
697
522
897
981
15
449
721
564
236
304
841
311
213
911
972
989
8
491
78
332
624
548
719
792
656
359
616
138
975
227
634
953
614
434
51
262
539
223
205
321
200
12
931
977
495
545
51
213
236
72
5
55
782
59
93
11
325
83
905
140
66
879
91
933
114
57
518
667
216
825
489
551
199
829
972
927
30
337
600
738
200
221
436
170
430
897
346
205
12
579
330
332
970
69
346
294
702
152
6
245
6
668
789
681
447
698
64
763
334
617
575
388
455
247
151
229
58
623
84
609
656
177
67
60
28
987
747
296
937
515
465
233
468
701
40
504
576
886
468
478
632
700
104
557
209
999
388
66
808
740
272
346
497
521
38
134
188
760
31
563
82
771
255
68
248
947
932
54
117
859
66
830
649
355
788
766
141
631
851
404
975
133
912
168
281
609
696
465
748
274
878
773
901
53
236
435
126
719
610
661
561
201
471
588
604
984
159
235
84
868
38
80
263
730
341
8
249
616
784
787
644
465
703
862
427
244
226
712
640
891
423
208
780
976
817
355
803
939
343
69
355
614
909
562
583
603
432
621
531
818
778
887
479
75
303
464
31
707
430
353
297
618
870
522
888
542
481
842
302
487
54
837
38
923
52
313
66
98
114
648
837
634
751
957
802
428
370
915
175
96
443
403
258
467
372
307
870
960
418
123
494
483
834
739
586
169
133
829
594
648
182
509
423
805
484
754
654
498
158
316
428
284
12
349
962
988
730
150
962
279
639
515
1
313
947
816
905
489
820
909
99
915
593
949
120
786
130
98
233
990
405
877
710
923
695
268
898
301
227
409
515
789
878
897
898
596
599
182
113
856
350
917
827
91
872
769
169
635
786
527
406
435
361
388
330
420
145
245
93
853
175
594
408
61
731
912
802
150
346
159
289
449
705
492
832
523
324
152
474
684
215
828
481
275
505
578
47
368
59
790
985
230
52
977
650
540
191
311
893
986
250
515
398
961
408
163
147
459
933
533
238
885
43
769
722
649
727
811
21
84
864
425
174
177
128
13
469
602
288
230
73
426
364
600
735
891
823
947
789
448
315
131
895
519
548
338
396
590
194
854
753
179
561
60
67
652
603
602
715
444
351
282
446
233
946
261
578
248
188
962
25
733
944
106
729
965
441
512
618
646
634
180
195
754
407
929
350
572
392
358
257
764
721
714
462
514
731
797
457
527
121
139
487
615
200
864
480
147
741
72
814
81
792
173
129
305
331
227
14
788
456
442
772
440
976
37
553
712
385
88
492
116
484
172
286
428
378
543
970
255
54
13
195
499
239
751
791
920
108
360
607
56
962
963
363
668
550
427
983
994
131
572
534
676
68
433
859
733
998
669
958
774
492
671
496
629
732
703
397
109
223
675
718
96
83
573
840
557
469
690
512
257
32
388
634
296
799
300
984
435
996
256
654
375
408
600
398
643
452
513
504
1
246
13
909
781
476
181
332
318
47
379
975
662
502
266
955
529
792
722
407
324
448
516
924
497
780
521
273
965
455
657
990
827
754
607
600
960
827
554
591
994
632
930
294
393
78
485
116
957
140
932
623
940
705
624
811
248
703
377
844
628
681
744
165
861
857
795
795
527
152
472
289
943
474
142
341
456
33
521
350
733
407
647
573
974
92
603
449
831
490
151
338
594
241
674
991
131
759
573
439
138
250
791
973
664
697
810
658
416
976
299
687
869
724
120
255
353
582
628
467
386
184
959
88
60
502
306
474
969
589
428
365
243
833
633
298
210
671
653
90
524
937
840
324
11
309
712
672
116
382
708
140
392
78
475
316
546
296
845
126
40
564
9
335
490
120
876
842
342
196
407
788
881
886
660
789
735
166
432
280
323
349
760
362
919
399
666
199
414
333
383
606
946
73
407
320
147
553
319
660
336
890
286
956
318
188
785
906
35
153
192
407
232
40
578
729
808
123
252
202
294
98
404
459
649
591
701
329
898
946
945
168
252
188
613
738
57
742
618
464
250
551
216
949
900
896
157
245
928
352
963
736
977
606
547
338
578
746
217
245
619
694
858
585
765
128
570
73
207
528
224
415
402
645
105
900
353
37
156
932
799
98
642
554
357
88
156
218
922
644
899
783
584
632
67
764
113
155
756
356
176
545
970
546
3
576
559
184
849
352
1
823
176
566
854
922
623
261
948
781
716
981
348
193
463
87
634
186
387
231
666
404
797
429
720
249
363
571
507
709
756
546
353
795
123
2
240
556
497
355
94
968
325
550
613
288
660
786
661
657
989
427
499
729
135
596
28
237
518
409
927
488
104
38
744
272
946
869
505
555
285
984
483
842
440
963
625
906
493
679
246
226
822
405
160
954
590
387
922
858
597
558
89
102
872
81
514
278
689
59
666
886
147
797
714
732
877
713
934
647
251
93
118
458
351
143
656
6
919
12
992
483
429
318
198
719
913
734
713
988
27
594
694
684
271
88
123
702
223
23
481
656
212
756
319
241
306
770
68
484
762
355
750
825
199
596
27
776
774
603
33
371
446
272
20
755
322
426
688
240
878
888
969
716
755
167
721
843
896
250
230
143
518
152
75
328
506
192
501
994
512
83
521
309
577
445
180
43
932
250
162
30
939
37
82
340
809
380
83
752
741
189
348
193
920
916
155
811
6
383
956
740
372
781
103
675
496
252
13
156
683
481
59
84
360
222
321
509
593
118
491
869
217
30
449
357
537
898
637
430
971
309
24
986
795
500
145
999
9
342
988
571
635
417
378
860
182
208
689
802
358
512
803
700
657
536
810
191
7
116
299
723
970
669
941
821
734
233
379
410
290
586
922
566
353
922
304
381
537
756
902
565
323
389
420
547
110
805
969
697
359
452
698
423
568
952
687
152
886
824
687
558
501
98
711
913
120
176
627
279
550
409
588
131
856
14
670
360
327
961
735
893
934
695
658
989
986
123
481
368
997
316
920
677
279
556
102
440
269
678
671
262
529
619
957
164
479
390
631
690
561
379
581
410
838
747
512
739
768
804
643
30
649
31
743
350
612
62
398
923
613
613
785
897
778
34
845
67
348
148
364
201
34
698
386
358
754
462
289
241
367
559
840
759
525
267
847
140
629
185
598
900
188
815
388
627
354
256
374
821
276
728
606
483
545
409
461
947
434
541
846
516
757
606
845
767
44
819
478
532
205
267
368
447
525
224
189
817
773
659
342
734
25
319
201
306
471
985
894
795
282
552
375
324
726
636
382
449
604
967
603
433
501
568
362
112
570
503
679
675
268
672
350
539
618
295
971
654
571
876
775
862
383
364
626
625
664
586
39
923
224
338
596
449
603
498
685
549
820
823
603
209
688
745
2
273
170
496
426
713
750
98
340
14
704
182
331
648
674
292
68
26
252
62
31
62
925
224
341
673
827
846
331
117
261
967
540
502
964
170
911
722
203
772
139
575
536
208
47
450
790
839
329
285
636
559
54
352
93
872
130
523
451
629
793
188
982
296
268
256
763
378
353
256
431
168
348
80
12
747
543
789
369
12
546
642
872
881
256
48
815
31
45
749
975
67
267
790
375
201
199
926
354
449
159
472
60
757
480
70
836
611
798
652
357
183
428
92
326
141
114
99
556
87
246
962
586
258
830
351
94
735
594
962
370
293
808
885
37
673
643
344
610
350
793
596
188
855
428
865
816
112
900
426
96
224
988
432
355
794
628
654
184
440
507
509
456
220
445
511
772
119
701
790
588
162
636
428
416
601
752
534
407
929
590
558
305
585
745
787
790
119
59
155
968
178
903
744
653
193
226
483
991
235
313
929
727
47
140
22
244
377
188
328
517
444
854
296
658
161
588
895
208
799
274
710
739
548
306
305
143
292
101
674
276
729
333
727
907
387
878
812
516
697
698
294
100
32
836
763
208
915
365
539
984
500
839
503
830
344
597
43
671
226
250
393
268
813
755
569
736
961
701
18
453
488
568
681
437
659
430
55
448
104
790
871
850
1
997
804
453
932
847
566
871
311
607
227
840
775
26
336
146
497
937
981
414
584
280
174
950
626
240
762
623
372
756
598
169
93
104
740
872
533
502
85
889
491
34
813
119
415
713
500
180
179
37
90
536
741
937
510
917
462
117
200
418
142
154
422
393
268
840
389
282
113
346
776
643
676
932
49
437
90
479
115
727
750
218
765
428
56
467
266
772
224
749
885
500
942
494
896
671
51
773
306
802
713
814
410
372
794
712
310
112
865
386
508
762
253
395
77
445
929
286
950
687
666
42
793
865
774
79
621
490
809
317
79
444
459
976
783
31
596
789
723
757
777
810
339
809
310
621
62
884
831
303
605
842
485
109
545
278
167
475
227
140
605
363
962
883
777
875
508
727
897
930
832
708
89
895
400
402
305
444
216
930
795
80
967
102
565
7
449
773
313
5
461
456
977
688
114
335
664
390
471
705
128
58
904
290
298
124
903
156
503
517
810
644
608
953
678
515
866
456
472
414
499
639
309
907
656
876
444
600
165
401
149
641
145
452
291
263
665
102
310
860
391
331
132
267
771
367
494
873
418
770
569
214
497
705
396
164
634
842
321
788
935
897
404
191
481
955
953
740
221
834
323
316
449
790
923
821
607
222
35
316
981
203
976
522
617
726
470
985
746
777
935
585
653
638
548
50
689
602
97
648
624
244
703
424
751
739
938
720
816
131
593
346
546
845
204
652
851
686
960
913
588
320
274
722
947
772
277
690
622
626
619
249
240
654
564
225
980
790
274
456
617
315
234
790
301
107
528
806
865
784
757
414
107
439
219
89
454
259
345
43
450
622
915
948
859
375
705
96
506
721
491
127
484
180
167
594
284
470
297
184
321
24
185
357
46
486
828
226
450
425
133
573
929
29
537
657
744
631
663
923
191
409
174
704
234
910
606
935
697
297
383
607
985
950
436
419
111
938
556
157
697
596
526
171
671
837
236
378
3
179
962
791
957
77
245
475
348
667
947
451
33
727
413
616
965
361
546
945
82
353
726
24
370
380
114
691
678
13
956
125
256
909
364
261
86
223
611
921
358
582
463
932
914
444
40
700
331
961
425
947
23
656
254
823
49
503
318
779
222
513
183
373
270
47
109
548
911
43
51
829
388
810
752
233
918
219
271
265
134
431
500
391
922
682
289
548
860
424
989
287
360
632
923
562
853
679
541
235
397
400
266
791
736
340
845
436
128
770
265
193
48
20
906
434
814
633
208
767
624
323
503
797
740
1000
89
351
379
234
182
86
546
610
672
586
795
187
385
312
90
500
925
852
852
871
147
325
670
807
675
192
207
491
846
152
679
348
572
797
254
111
153
338
989
547
96
409
523
120
656
365
911
353
346
431
165
40
470
522
932
205
706
458
647
993
374
389
434
796
405
883
527
29
951
485
58
631
252
928
723
159
388
686
916
91
490
231
782
988
585
944
727
26
672
793
612
852
836
574
672
920
725
579
671
422
899
944
204
824
261
118
319
387
588
944
945
128
836
99
17
853
229
804
185
786
328
611
465
294
810
918
705
486
198
987
127
691
457
803
766
229
909
590
606
8
152
930
484
18
360
181
124
48
47
670
308
991
338
386
150
692
248
809
890
485
952
992
206
762
416
883
148
101
252
758
78
741
77
856
705
830
838
112
914
195
156
984
38
846
604
906
479
700
631
640
692
375
371
415
499
987
672
803
261
602
156
674
550
977
837
987
489
995
963
989
770
183
941
3
642
331
160
789
6
364
11
432
987
366
704
365
844
806
722
152
677
953
734
88
859
947
979
961
50
666
827
181
935
883
129
378
778
200
741
431
817
357
575
393
172
178
84
713
415
312
202
551
850
766
475
284
400
125
895
693
294
775
960
748
812
562
900
639
820
504
275
462
456
141
205
281
676
512
581
817
359
723
914
556
126
609
271
803
775
266
142
232
267
71
172
997
86
560
700
509
328
190
430
306
100
527
1
935
768
104
335
743
465
18
953
382
320
234
635
21
877
77
62
344
412
736
688
513
450
367
722
132
552
457
382
558
576
866
716
812
246
354
609
251
707
876
570
653
991
175
203
948
542
18
49
468
420
186
539
1000
845
627
474
164
593
575
705
646
837
330
853
497
927
213
820
462
706
716
171
567
992
1
151
964
426
787
176
378
577
985
453
94
767
375
443
581
441
548
25
638
3
220
938
380
984
25
357
148
603
63
409
717
940
930
982
858
55
786
280
181
543
418
651
315
641
496
744
531
323
510
784
124
578
396
523
337
893
236
164
153
518
312
798
33
261
381
466
960
797
318
654
522
38
883
505
98
473
624
182
521
549
769
168
13
355
540
332
832
62
583
68
197
402
304
844
155
205
710
65
284
47
675
822
576
656
355
226
595
439
369
354
110
72
265
714
226
631
299
109
125
1000
485
188
565
532
750
659
363
238
240
654
93
322
820
114
327
834
174
578
455
390
274
901
604
389
193
105
399
729
640
5
152
657
381
44
282
408
930
141
471
973
648
959
319
75
468
374
663
272
852
897
853
127
539
621
814
33
562
949
234
435
520
248
15
648
343
905
189
91
829
483
463
51
716
694
766
797
170
302
433
682
97
812
170
496
67
441
511
660
845
529
854
203
861
862
154
411
716
678
227
266
288
241
270
958
975
493
851
408
94
990
391
140
955
307
638
407
140
488
361
362
245
540
851
335
335
934
182
377
466
780
524
322
602
534
659
479
520
723
645
840
16
421
697
765
12
335
626
903
243
679
578
25
693
951
772
797
349
104
459
423
81
671
198
418
244
439
506
55
538
670
636
440
717
181
652
427
790
76
752
454
451
756
427
802
949
248
171
757
676
594
628
459
126
391
5
784
351
648
820
301
868
798
57
312
352
722
644
583
100
809
786
368
752
212
292
479
373
506
415
418
877
261
784
273
759
202
232
676
986
468
545
633
337
243
202
463
902
809
249
523
969
870
39
857
981
837
527
141
664
676
526
868
316
511
205
467
188
902
533
758
18
862
244
483
841
32
40
920
168
830
905
924
645
219
877
504
459
331
413
438
274
408
131
853
88
285
153
857
960
150
705
325
536
355
744
957
232
669
357
573
538
35
145
501
707
410
452
872
883
741
319
269
490
199
120
87
574
257
53
480
334
50
485
908
714
859
505
141
733
271
981
69
905
238
471
58
467
719
204
450
836
214
92
463
719
451
306
511
440
829
663
425
913
14
261
264
213
312
899
486
247
343
823
972
663
355
783
106
76
109
226
962
233
160
186
42
584
207
981
252
537
242
414
651
308
916
545
33
135
210
849
328
17
970
156
108
398
989
477
173
99
471
740
237
497
724
789
441
564
494
441
68
326
665
282
59
721
594
365
380
857
48
410
390
853
729
849
315
920
956
240
973
334
857
922
53
735
425
954
390
936
121
963
489
226
697
150
985
221
638
593
768
469
383
421
843
978
12
481
895
972
368
566
630
804
189
542
765
142
290
387
507
466
434
240
420
493
321
806
796
967
37
736
402
100
700
870
241
958
385
702
879
870
661
624
25
20
457
194
895
446
803
604
959
94
151
838
651
707
706
656
532
560
992
170
634
85
573
608
453
902
952
190
110
616
46
899
728
250
922
394
218
945
488
875
114
561
832
352
299
864
862
443
270
284
221
968
829
266
670
935
363
836
504
942
777
745
660
441
767
178
927
819
227
709
810
898
416
193
327
160
505
319
487
583
127
879
505
919
132
953
58
438
483
89
226
279
976
967
806
889
787
26
30
64
226
23
953
501
960
181
736
675
369
260
766
362
401
715
363
288
399
341
82
617
544
922
477
629
683
108
767
501
754
53
968
541
616
572
975
232
542
316
762
233
764
617
972
281
665
589
922
941
615
656
682
126
748
439
864
95
683
569
907
200
179
747
419
721
701
208
294
318
920
920
349
313
414
324
212
656
8
292
386
256
892
733
26
750
173
768
260
274
654
400
919
24
8
630
432
695
270
735
705
35
475
100
633
162
93
138
345
884
580
503
336
544
338
251
950
952
706
341
552
685
878
112
288
713
605
394
60
569
440
446
341
547
1
57
921
260
674
945
653
240
654
447
397
760
718
319
539
866
415
850
960
160
180
17
172
803
126
926
898
334
220
175
548
559
57
358
793
648
704
541
331
614
912
837
812
923
357
627
822
78
94
274
302
572
298
479
182
485
870
669
829
904
494
909
895
494
218
218
764
180
16
699
979
631
191
991
104
152
464
132
417
885
944
496
33
349
8
932
610
857
729
48
232
911
226
370
244
241
670
465
788
124
304
420
677
993
372
69
950
650
873
441
157
199
889
896
378
634
960
803
109
233
606
194
131
993
549
190
942
732
661
912
363
868
765
615
672
461
70
579
832
477
294
473
229
663
815
187
71
486
743
492
664
467
115
979
17
255
570
286
438
679
4
753
187
207
757
207
505
948
556
617
188
634
959
928
133
287
811
959
148
590
202
949
165
915
460
423
608
239
668
430
682
642
440
918
374
692
845
47
701
697
68
132
300
445
678
391
742
26
681
583
73
492
368
312
428
640
777
101
871
716
471
722
328
531
328
930
232
540
636
967
454
797
344
576
925
343
306
140
656
432
371
435
754
480
383
841
163
196
987
85
908
373
620
237
626
492
551
848
910
749
909
346
299
668
556
661
865
459
264
331
622
791
992
489
264
709
65
790
27
803
919
660
655
684
899
451
66
929
603
477
48
25
679
693
21
321
243
465
885
66
226
443
976
284
367
545
958
437
672
687
939
330
703
775
631
583
136
389
152
739
130
858
81
116
92
539
623
300
506
585
79
293
364
558
176
573
55
769
80
874
147
695
302
9
263
513
567
9
506
644
90
716
485
910
192
462
790
232
322
42
651
994
594
70
687
819
368
71
611
821
869
251
851
467
911
844
221
976
896
32
221
593
218
550
688
180
396
911
832
30
710
856
252
221
583
176
213
404
736
456
695
299
115
155
40
174
818
868
80
65
565
567
731
503
66
75
258
33
10
674
420
762
580
893
888
948
864
623
601
991
246
471
358
88
228
513
895
346
763
435
318
273
9
553
195
704
648
181
876
669
769
599
551
762
160
920
748
528
428
643
156
51
518
243
108
465
459
521
643
830
131
961
521
208
845
465
862
931
628
362
802
114
946
507
196
111
563
801
643
163
647
128
47
96
173
436
918
962
231
228
204
211
610
415
266
613
353
728
97
529
685
865
86
368
184
589
547
248
937
383
204
642
836
825
850
532
689
652
300
680
863
892
297
124
718
182
798
50
94
447
830
638
193
861
136
769
390
440
54
144
499
797
402
227
474
421
553
596
463
484
406
301
743
789
229
742
51
243
879
228
755
628
646
342
566
681
360
848
239
719
147
721
107
568
469
212
520
310
533
725
250
626
136
753
409
487
472
756
287
27
579
261
737
199
236
970
109
651
612
37
574
676
674
343
851
131
7
810
8
985
997
531
310
264
622
667
878
938
908
647
489
58
513
399
774
324
194
492
414
274
182
920
271
13
777
16
754
303
579
258
691
921
606
22
864
832
187
327
384
965
555
502
555
773
739
105
832
320
588
393
767
979
654
266
994
659
60
568
117
377
940
698
944
957
142
215
135
7
729
971
714
715
582
928
407
956
281
349
246
395
530
292
314
580
331
920
573
300
954
494
671
622
181
503
701
284
817
21
483
311
459
29
369
733
195
272
682
870
702
921
202
263
483
839
821
570
472
664
587
197
912
432
569
852
381
784
68
27
825
16
848
804
443
188
394
539
751
95
288
354
334
502
500
740
929
98
819
630
36
159
626
83
577
711
417
744
238
829
876
349
66
726
376
870
921
34
868
15
129
448
86
860
783
180
702
225
474
940
633
647
813
859
106
24
990
607
438
557
787
444
734
229
989
128
675
93
971
983
896
120
580
273
691
298
755
261
298
322
191
752
720
96
923
327
72
298
405
643
157
852
812
982
39
226
723
632
874
787
136
317
497
620
395
15
731
40
399
202
597
758
717
550
619
520
220
462
755
857
168
645
636
155
412
22
795
706
613
797
801
484
622
699
174
596
366
669
248
450
815
331
262
98
523
313
107
925
669
60
595
341
412
910
663
786
448
611
281
155
836
612
564
965
357
496
435
140
641
825
983
765
226
380
866
827
644
114
484
52
60
92
682
344
23
730
748
632
102
68
962
890
988
583
892
624
958
701
126
3
592
550
855
944
817
752
286
313
808
691
850
867
835
166
304
72
698
833
237
942
181
876
27
483
952
715
621
225
465
609
516
46
739
919
453
370
905
310
487
260
586
206
283
85
2
17
733
206
344
234
463
243
835
169
201
811
753
712
100
266
280
737
410
162
288
815
668
755
246
216
644
404
395
325
876
230
818
65
66
910
11
103
198
605
707
161
774
350
81
363
185
848
923
291
616
704
142
1
342
83
513
542
656
808
79
954
710
42
40
447
104
922
116
215
527
890
879
433
79
885
137
35
723
56
727
85
599
205
862
304
612
454
557
985
857
79
526
163
146
843
277
985
15
595
918
820
335
577
871
544
41
150
303
173
804
273
840
599
169
817
189
175
591
590
448
551
849
669
313
367
489
17
588
642
85
348
352
700
175
410
948
751
277
570
564
718
980
839
522
345
923
875
99
114
852
180
318
30
964
303
505
936
3
140
237
304
684
725
872
537
203
303
544
575
998
275
727
908
505
636
219
350
341
958
334
566
189
520
948
117
468
582
568
611
796
647
472
578
252
921
889
788
831
958
319
881
734
35
880
282
728
920
422
605
967
327
671
760
48
471
175
467
139
898
548
636
42
587
221
943
22
513
64
796
50
405
794
414
897
186
353
643
441
16
570
319
933
761
406
301
776
227
909
458
108
489
682
881
885
255
616
323
936
965
890
871
410
76
976
601
672
893
776
759
404
649
624
424
281
686
19
260
436
329
595
780
306
892
581
514
220
639
770
110
331
838
127
914
721
228
946
563
616
708
803
442
448
763
192
232
623
571
33
560
323
188
208
922
240
453
804
739
770
895
416
763
682
130
316
960
249
626
55
465
329
636
908
5
840
514
848
743
886
51
991
415
679
244
115
396
788
580
610
95
754
77
443
639
201
836
581
845
850
206
641
801
483
417
358
993
36
813
813
390
533
229
713
859
68
465
720
11
570
925
366
687
387
805
997
428
163
372
527
439
322
33
355
837
223
399
36
426
789
713
325
507
263
306
87
756
37
654
499
615
210
584
68
309
594
248
566
177
149
622
652
774
821
759
642
730
382
595
186
492
130
460
141
144
18
87
699
573
630
186
369
524
498
67
22
431
744
806
672
264
858
943
522
60
256
671
122
91
82
407
383
504
953
7
316
178
211
559
647
583
801
78
620
593
75
645
375
287
880
718
808
552
242
249
693
954
913
357
855
208
39
715
749
711
435
682
459
890
334
928
181
714
621
38
236
778
380
270
278
232
440
523
604
426
913
853
380
551
369
372
530
159
862
316
505
512
268
565
207
100
282
378
625
463
757
635
410
730
294
107
103
268
150
173
572
283
497
633
165
965
558
327
795
500
94
464
581
159
328
440
357
24
477
728
867
776
804
257
538
615
407
556
337
810
540
951
65
444
267
458
236
96
184
853
403
951
394
531
862
588
360
282
828
993
165
459
333
999
380
797
518
840
865
289
332
690
44
62
128
133
418
143
439
395
659
969
580
434
621
362
102
291
432
350
879
214
225
324
504
617
795
347
129
348
3
752
633
18
200
587
908
432
603
394
1000
979
867
893
711
476
266
689
470
36
546
898
227
664
340
720
171
709
101
720
87
442
588
677
795
830
475
43
280
490
625
430
570
389
990
25
13
539
70
79
277
90
697
278
933
992
986
194
596
537
617
830
711
122
915
545
535
297
442
907
771
37
215
357
761
176
900
272
188
960
253
963
842
687
706
696
191
540
152
626
706
413
346
665
808
813
553
938
481
425
416
3
922
480
319
507
131
614
258
276
11
723
20
43
745
221
211
203
781
795
501
654
794
137
391
283
15
93
67
245
52
496
352
25
9
401
514
256
219
611
134
45
550
422
607
190
813
43
186
682
797
850
293
848
505
322
550
533
44
805
110
363
734
499
240
245
418
942
322
32
258
842
868
606
161
746
881
310
782
338
279
172
829
934
252
770
675
163
473
317
557
143
135
72
144
46
174
15
882
744
422
394
836
7
42
584
263
580
843
73
936
784
773
882
243
889
368
154
208
48
987
776
906
937
543
748
655
84
897
448
410
775
187
979
506
560
683
2
856
817
652
684
707
311
167
833
963
183
431
385
826
373
655
514
921
49
123
940
46
359
277
557
5
485
190
737
666
110
659
81
101
69
501
277
534
22
568
888
112
812
71
550
556
639
794
997
245
315
913
949
515
221
54
154
3
215
104
78
740
397
464
867
482
698
321
390
563
987
887
689
221
949
926
435
928
668
792
404
760
988
994
194
403
33
841
865
854
710
264
116
956
781
784
146
569
164
324
936
5
935
538
701
9
163
84
499
959
416
720
799
63
787
487
542
859
70
401
761
146
964
181
362
167
285
33
440
399
561
386
275
278
531
198
712
247
525
669
978
64
971
701
985
611
294
403
84
511
990
269
334
407
463
48
794
516
792
699
715
176
395
761
751
580
932
161
934
855
609
636
926
860
948
234
814
656
20
768
37
963
960
781
460
436
724
920
88
340
580
627
876
235
958
611
803
814
162
410
21
630
287
165
989
984
662
190
177
476
159
574
262
601
248
619
786
822
847
180
582
584
775
552
281
221
211
380
159
282
345
287
608
478
374
86
482
784
316
275
991
946
941
23
967
607
154
772
241
277
914
847
439
393
637
45
716
75
449
483
39
413
115
466
538
341
69
6
489
930
72
233
718
98
295
8
943
906
534
659
31
165
514
681
637
848
820
93
603
74
743
928
738
507
210
654
442
866
376
892
740
74
573
446
276
241
670
565
998
581
946
633
449
546
101
74
830
488
767
484
381
960
770
172
316
36
294
267
35
463
125
736
654
465
452
805
443
914
49
392
430
614
410
774
426
281
486
226
441
179
551
575
429
340
601
162
923
666
482
588
295
738
169
207
892
28
922
237
724
983
69
779
937
449
710
871
912
888
980
298
218
42
557
624
225
530
848
454
957
837
290
741
183
958
974
258
572
54
581
785
439
129
444
851
595
365
861
469
503
80
611
790
489
842
309
839
62
707
146
176
454
524
38
50
140
508
812
804
639
147
451
320
409
793
280
618
623
469
951
508
89
976
118
74
202
175
682
145
455
245
513
50
820
282
360
438
203
557
413
424
342
294
4
378
934
914
846
722
936
413
628
365
363
455
99
902
423
75
683
815
126
220
727
435
939
271
931
573
112
355
367
392
498
995
770
170
284
170
154
905
832
726
474
841
595
419
583
457
410
273
336
9
156
258
412
772
45
42
232
740
922
52
685
560
623
999
112
712
732
358
413
376
173
934
179
655
380
480
90
654
754
946
449
724
152
115
740
985
756
268
254
965
393
521
281
125
498
43
389
590
349
824
132
495
537
496
671
673
276
739
196
419
227
575
795
407
685
834
6
130
8
563
728
778
837
18
330
936
45
446
162
83
20
294
534
676
421
225
568
406
301
675
610
512
918
728
162
298
651
109
953
191
358
191
300
432
926
828
985
273
220
610
948
775
951
476
328
983
188
705
938
392
96
911
195
454
359
239
451
74
310
180
572
670
651
875
483
172
398
627
28
216
329
217
156
930
7
499
773
735
114
39
540
917
583
669
859
865
452
41
350
663
505
307
639
697
585
731
697
137
943
717
745
660
102
176
438
449
888
497
642
245
208
606
11
972
293
1
304
423
853
705
128
465
967
765
168
189
306
621
946
880
882
323
339
248
440
707
384
43
571
473
677
272
235
145
916
131
46
997
226
241
343
554
438
9
220
122
186
24
518
824
734
92
828
786
713
211
265
448
523
780
68
873
938
899
592
471
89
701
692
990
360
131
792
549
149
742
849
362
81
852
762
234
253
892
41
709
139
113
544
962
392
573
480
348
280
761
833
193
506
513
967
3
907
919
944
444
204
775
692
866
516
176
87
17
788
835
786
642
815
443
222
734
967
963
837
314
370
59
969
941
763
856
98
251
407
549
562
578
285
411
313
145
800
362
881
282
900
325
294
781
534
416
207
49
509
270
849
686
109
434
38
615
380
435
655
803
942
618
856
459
775
165
700
362
70
462
387
179
769
45
666
593
234
765
732
655
570
561
978
949
634
739
709
282
905
411
91
258
874
897
427
313
318
804
297
899
234
963
793
963
319
26
172
76
423
930
936
808
302
551
956
219
835
611
674
861
760
658
737
923
559
582
44
225
135
158
323
876
844
374
299
343
965
591
543
795
591
701
80
939
214
134
399
418
125
919
9
998
182
1000
291
838
990
951
348
25
1
240
391
991
789
545
520
96
14
185
835
25
111
733
248
727
298
645
326
438
779
523
527
487
209
1
177
579
42
357
162
220
862
160
324
319
844
550
471
199
761
169
860
953
945
481
157
127
157
575
482
175
195
293
454
886
950
173
161
9
801
528
911
878
929
356
104
536
8
133
314
516
794
141
734
260
794
727
11
145
312
265
114
231
761
669
12
529
485
262
79
678
770
195
971
67
875
378
999
386
684
887
652
920
934
781
30
217
556
455
479
991
57
381
468
394
295
21
409
496
449
309
819
98
742
146
962
772
144
232
662
904
589
349
930
89
673
706
665
892
233
119
96
516
868
435
941
631
618
985
909
301
731
267
951
349
906
137
968
971
850
867
211
533
476
155
296
608
260
295
88
206
590
966
353
393
941
300
304
791
895
854
925
77
37
495
720
216
28
807
191
126
921
348
80
630
924
350
162
593
742
748
842
647
405
175
16
932
703
555
927
550
780
370
780
323
431
773
545
227
373
127
674
195
920
18
4
366
894
417
621
345
436
578
360
872
480
663
770
212
895
568
95
103
821
96
522
107
338
119
919
385
898
624
995
792
180
119
261
894
14
171
739
135
96
770
409
610
752
876
392
940
560
573
551
937
821
98
96
974
428
688
565
305
417
579
543
2
70
72
324
940
955
622
204
86
318
588
809
332
59
119
939
585
763
563
74
180
16
59
771
756
446
771
93
784
679
338
801
824
669
28
807
105
696
804
316
899
606
203
675
322
856
392
926
336
17
588
256
306
954
287
263
943
146
88
514
641
599
908
16
997
986
499
407
647
255
209
555
639
628
780
93
480
462
629
298
672
714
531
75
614
487
604
893
551
990
276
828
868
981
513
895
969
162
995
655
505
651
343
203
504
467
475
476
474
219
12
526
614
450
506
195
608
753
694
987
932
103
897
238
74
780
869
88
951
218
853
577
164
650
720
778
20
449
509
596
142
848
886
255
660
398
372
163
318
394
723
233
126
656
768
360
621
227
557
146
66
958
328
923
915
756
688
872
389
398
672
619
931
518
623
310
405
75
132
855
531
550
219
513
637
538
879
558
528
19
978
108
521
397
959
879
277
832
316
533
193
958
112
660
901
527
46
629
179
372
436
523
637
661
628
976
831
798
911
622
975
503
268
152
892
130
679
872
224
602
344
568
360
927
300
856
533
453
352
605
587
315
554
677
428
173
358
986
491
472
784
798
138
392
213
673
20
302
780
158
449
382
1000
345
196
226
992
786
634
633
576
864
262
911
448
894
350
216
918
610
947
767
128
750
164
965
5
522
910
163
313
784
448
935
290
784
5
780
997
76
772
756
641
645
89
366
619
677
715
158
977
452
279
714
88
833
198
3
932
282
459
824
267
848
50
575
930
883
257
386
874
649
889
82
315
838
800
900
483
421
707
275
736
628
235
205
880
315
152
758
39
602
737
920
401
982
30
42
58
407
737
959
709
275
239
277
607
178
930
585
995
228
328
138
294
491
467
226
720
638
137
170
930
366
924
627
91
630
944
588
84
607
996
109
89
931
579
763
266
389
652
655
630
611
407
478
107
168
297
683
461
4
238
502
869
236
14
362
110
949
766
393
277
928
42
649
868
132
872
620
303
845
24
954
127
298
157
836
299
407
86
331
583
388
73
884
106
679
871
867
92
923
178
46
388
287
938
577
216
823
898
820
514
62
780
801
103
884
965
608
871
761
728
458
22
732
927
475
345
786
783
686
640
606
112
189
206
482
259
786
734
879
7
895
991
383
934
270
159
815
738
721
168
561
83
255
460
894
292
1
500
353
418
294
902
565
615
661
12
229
186
294
679
242
489
193
90
744
152
233
784
712
314
696
987
368
290
913
941
861
115
485
101
830
362
613
865
727
697
770
196
815
945
183
694
47
425
997
730
422
73
141
216
737
523
693
811
421
897
42
884
852
129
395
259
947
911
912
54
938
306
7
547
743
471
501
810
312
618
522
524
164
448
919
263
629
967
310
156
186
944
311
244
417
671
682
127
223
142
867
355
546
1000
717
679
317
313
88
499
279
12
447
49
643
551
895
762
373
642
453
166
572
103
684
663
235
73
937
556
125
814
422
622
153
137
189
814
818
481
736
193
692
447
579
603
254
410
254
602
941
945
875
456
669
745
607
864
37
982
275
575
231
807
557
697
663
61
385
422
249
241
502
63
116
190
686
629
534
477
455
259
235
131
138
87
660
355
242
976
803
631
145
19
501
136
818
367
688
780
47
665
979
425
925
907
623
49
810
177
91
188
449
326
334
69
757
521
478
803
369
614
302
59
209
469
681
428
745
665
745
168
133
292
734
129
709
194
234
854
215
673
198
33
486
422
947
159
910
200
374
335
833
680
979
394
742
675
546
174
872
329
111
470
721
146
282
678
39
916
344
185
36
631
879
846
485
778
78
95
647
737
876
155
512
637
763
978
869
38
88
53
162
3
652
999
175
901
942
409
391
628
162
122
795
410
944
450
528
256
988
500
761
907
783
774
612
481
169
427
781
982
712
594
214
404
134
896
741
593
494
26
780
789
611
175
994
524
198
374
984
265
415
275
316
343
66
394
591
583
52
113
422
665
859
958
828
496
72
318
116
715
725
470
492
519
56
636
770
508
560
927
426
917
573
365
452
92
222
504
348
933
670
274
353
487
712
232
888
632
334
8
742
258
368
426
93
431
874
333
575
437
33
100
560
107
604
587
662
207
963
665
276
688
249
188
77
949
803
815
237
468
895
985
865
920
486
669
682
954
105
273
29
769
625
306
938
769
81
801
964
118
962
340
535
918
962
352
86
372
861
69
651
63
439
347
279
872
220
596
257
172
462
622
559
499
699
289
471
911
728
865
454
601
972
529
286
155
124
638
46
128
570
777
708
459
109
995
874
455
84
691
941
690
529
76
95
794
134
70
382
648
915
789
973
382
517
161
883
939
743
795
943
887
947
559
842
195
293
317
523
45
977
105
347
609
939
404
646
107
150
758
12
366
204
435
802
595
840
771
939
222
550
684
592
700
283
80
366
172
452
223
474
74
714
991
354
900
750
976
706
709
559
195
225
960
761
800
590
924
165
864
437
215
453
407
874
80
772
432
201
553
91
617
870
408
264
649
1000
694
931
316
710
646
905
327
875
455
559
187
388
579
658
938
223
930
48
406
772
559
69
421
339
470
956
942
461
849
44
105
106
954
519
687
698
999
893
979
613
206
238
183
928
443
500
885
625
27
408
657
153
859
298
722
233
507
641
832
175
93
415
779
108
501
686
900
943
804
809
812
722
330
931
447
311
546
974
377
898
746
716
61
909
69
164
732
304
739
437
741
210
484
415
753
426
106
510
85
636
335
567
736
515
117
515
298
403
43
207
511
267
719
879
307
127
807
367
502
716
806
232
422
649
144
674
425
116
817
851
7
107
593
751
408
366
741
437
440
701
430
883
314
542
790
604
470
520
955
750
91
381
682
757
660
811
308
481
946
476
633
870
603
120
758
898
321
733
733
85
919
205
827
826
853
435
888
178
528
573
872
329
290
346
593
715
990
116
20
289
213
389
320
22
517
79
589
49
146
1
236
431
534
227
366
355
107
34
539
695
598
561
834
701
85
609
479
482
777
452
232
774
528
121
947
928
488
90
243
99
436
836
516
703
487
681
391
975
569
206
687
624
567
466
876
62
463
588
411
611
989
83
318
205
343
850
550
43
771
571
630
747
483
768
745
276
134
479
810
112
936
621
347
100
561
413
204
502
256
532
906
58
644
958
219
154
321
739
518
439
342
277
202
362
479
283
951
323
920
80
703
492
261
354
491
310
479
666
483
692
476
400
126
875
685
789
655
279
781
901
383
218
128
104
753
459
710
900
407
676
46
253
251
521
784
724
101
88
122
998
459
719
846
69
653
386
771
355
773
956
134
21
670
652
983
288
615
13
468
546
485
380
40
360
59
248
356
914
573
601
359
783
862
110
555
346
817
995
885
380
984
105
919
521
948
620
159
636
425
83
20
594
821
476
309
619
937
217
950
710
410
201
332
335
331
568
782
674
179
866
2
936
550
284
661
562
745
982
148
485
187
137
238
170
835
827
557
265
704
781
960
531
23
8
506
120
923
704
443
159
380
270
618
140
527
787
6
593
446
933
256
925
444
469
39
723
612
527
84
693
958
909
323
369
784
293
821
392
736
164
426
569
483
77
559
607
354
845
101
800
42
39
402
578
144
648
677
354
32
732
996
789
343
379
219
97
660
549
143
956
119
533
324
160
193
150
540
812
348
40
645
824
543
850
47
172
323
850
157
331
390
899
425
49
920
576
45
153
138
60
70
656
155
913
557
122
119
68
746
935
918
188
886
378
565
838
236
442
785
238
298
914
630
214
330
438
640
85
503
84
237
812
134
893
379
360
884
801
594
915
866
475
217
658
17
883
955
953
832
246
682
348
877
311
500
772
709
49
365
552
723
692
918
443
298
892
452
295
946
613
21
966
516
901
548
750
905
516
82
480
593
764
404
819
826
207
20
656
998
56
540
342
965
930
532
408
417
487
537
774
820
834
512
245
466
775
934
520
605
885
330
769
988
807
114
340
113
627
369
199
354
258
130
52
342
640
613
559
753
269
735
337
485
830
663
984
19
517
84
723
180
147
845
388
792
738
343
58
831
294
635
947
269
824
666
732
178
952
204
80
295
306
393
857
448
421
220
414
22
171
739
194
667
676
790
340
460
968
655
716
764
140
605
201
399
847
474
499
268
534
469
980
159
782
176
513
940
723
811
543
592
694
871
528
653
449
790
8
88
916
137
444
933
549
349
418
553
184
57
873
608
207
434
691
101
639
948
926
695
191
787
605
268
774
508
731
580
305
716
676
260
280
477
45
945
636
920
398
830
555
497
270
679
168
526
174
722
696
104
203
422
303
375
90
49
815
465
105
97
910
406
638
71
792
130
939
952
426
590
133
818
331
705
615
679
370
111
237
566
307
15
113
801
510
407
301
730
445
756
472
363
751
196
687
619
716
441
445
987
300
930
988
583
636
483
750
985
44
223
656
503
690
35
246
811
942
104
878
141
12
508
684
558
680
360
834
808
425
230
455
630
248
163
730
612
757
657
441
946
143
672
606
348
233
251
550
382
858
131
75
665
376
532
795
130
723
773
711
110
647
695
356
391
809
671
866
884
671
489
720
272
858
360
154
192
907
986
199
615
26
590
141
242
771
539
395
863
6
100
26
752
445
987
190
402
254
776
119
287
851
431
212
945
821
939
737
580
792
291
954
906
131
657
181
647
126
353
262
784
823
39
424
854
415
317
740
804
605
582
567
324
140
514
620
266
876
523
94
850
181
988
559
906
557
815
459
303
183
14
823
222
434
251
354
989
107
930
964
738
173
502
3
345
961
165
188
852
367
881
480
648
316
301
293
307
113
973
790
84
757
574
709
724
784
642
142
883
752
401
548
644
38
202
202
667
509
783
6
216
344
833
983
189
415
359
550
768
839
159
493
796
47
88
574
610
851
902
200
619
2
450
955
905
681
197
884
920
123
228
437
873
589
74
349
34
556
838
386
709
16
3
8
238
201
788
474
652
644
432
38
126
573
393
877
871
686
299
422
142
843
662
879
743
101
390
629
724
725
975
987
40
923
32
542
929
559
740
321
910
365
614
535
665
292
852
271
158
175
299
983
407
439
741
434
831
685
517
411
449
772
488
534
428
484
810
211
633
110
682
416
363
311
559
698
662
375
876
906
916
946
439
479
174
256
647
325
183
6
876
797
239
837
29
557
660
300
405
235
223
80
352
671
564
343
427
108
896
67
431
186
917
369
99
224
265
819
337
5
682
659
38
852
321
247
677
543
649
583
19
50
847
619
182
956
497
661
604
381
368
183
486
470
17
870
56
98
867
559
761
792
144
810
316
500
66
370
852
467
141
759
495
434
421
336
878
686
886
949
823
456
805
268
13
891
469
254
415
243
329
409
322
796
999
83
72
569
5
898
554
302
975
182
973
644
729
61
51
217
693
776
893
317
460
2
500
63
25
247
538
456
804
212
665
717
300
920
775
303
892
860
349
982
129
18
787
980
497
747
638
885
993
655
829
476
541
29
180
751
979
674
538
734
318
604
905
701
828
775
190
447
806
975
719
322
58
298
747
317
692
435
804
308
915
733
800
589
984
773
999
113
719
308
379
566
867
319
306
756
275
680
102
833
888
189
739
238
877
763
925
58
570
779
836
681
349
106
123
416
860
779
226
485
572
879
248
279
134
209
855
321
610
394
709
173
236
889
478
837
309
240
44
659
647
782
132
385
289
789
475
632
547
686
270
747
929
741
385
572
787
596
994
601
982
502
695
561
451
524
372
646
850
553
735
380
452
826
213
853
32
58
881
29
663
865
649
481
781
862
734
35
162
95
616
336
75
509
899
965
177
609
526
945
821
267
682
306
310
456
93
433
47
86
179
980
494
636
661
251
222
23
242
625
522
452
936
196
575
848
107
136
463
925
245
192
452
950
618
27
424
924
149
62
588
738
550
865
260
556
945
304
600
683
658
838
293
692
436
602
308
602
251
918
67
943
236
612
338
116
14
897
808
640
157
128
13
416
848
687
528
685
256
958
572
999
558
317
855
457
631
768
607
573
703
713
570
27
601
696
12
609
19
53
16
125
124
909
502
376
717
314
184
593
647
386
399
778
339
832
920
749
520
217
558
928
978
531
326
946
769
634
294
770
359
548
785
989
47
233
986
267
634
798
865
125
593
12
132
726
468
193
800
308
263
533
611
54
249
43
198
582
560
649
828
527
796
543
140
896
609
815
594
544
546
613
591
918
718
215
385
599
318
854
31
301
600
679
403
404
130
416
520
349
620
400
498
471
670
763
311
35
426
218
791
846
746
860
521
484
639
74
361
320
430
453
836
348
34
473
384
306
373
336
224
951
232
979
834
856
491
21
465
525
456
467
610
368
889
821
650
823
201
286
611
372
351
121
298
922
958
329
998
634
908
671
503
474
385
825
648
666
239
756
985
645
185
640
840
108
451
238
195
737
892
767
234
908
900
231
480
410
422
639
118
898
430
172
752
671
599
663
331
897
252
770
268
972
358
78
678
826
371
866
416
556
507
50
516
781
985
354
477
387
558
438
192
746
790
165
530
699
113
79
67
151
238
88
127
200
358
218
126
69
91
691
851
121
799
899
767
894
876
753
323
326
444
901
702
693
970
222
24
479
22
575
667
104
298
574
8
375
806
249
884
951
653
491
131
700
520
712
639
445
360
452
557
485
85
141
740
641
197
49
39
951
390
804
992
763
627
685
691
310
117
700
641
753
473
731
868
434
926
376
713
360
804
494
113
584
257
555
298
916
781
792
405
149
402
211
63
63
456
702
18
916
816
287
191
503
53
168
896
681
981
119
109
349
943
89
942
867
178
116
50
680
263
573
104
289
710
977
948
698
917
237
107
479
168
238
631
442
72
270
20
824
210
714
16
770
851
597
334
410
689
346
951
839
606
32
577
668
735
594
910
512
596
235
339
57
399
876
681
937
81
723
800
697
420
979
454
859
474
452
694
799
521
845
645
597
438
696
947
667
307
970
527
709
376
295
867
844
171
409
632
310
646
13
539
617
811
329
140
112
910
700
207
719
26
971
702
518
405
129
979
439
584
360
232
851
538
514
387
157
508
634
94
963
245
498
479
911
367
872
405
414
416
828
488
819
929
347
87
856
141
509
645
657
944
13
121
985
570
316
127
887
311
999
713
761
927
824
769
662
249
671
593
763
167
629
937
867
667
670
615
34
258
335
324
517
277
694
433
298
347
928
505
224
929
152
553
520
365
666
854
103
240
553
297
157
157
976
525
925
370
777
346
460
69
75
365
941
872
618
696
798
164
317
573
121
425
385
1000
103
800
267
362
676
295
136
737
480
280
229
107
17
506
646
136
2
102
887
535
864
788
578
173
449
783
569
38
853
638
973
495
585
427
210
547
670
736
196
591
40
941
386
620
299
668
496
243
444
462
739
583
716
959
771
651
979
741
18
760
916
634
422
100
343
381
341
849
11
548
550
823
961
618
747
415
995
252
304
543
72
214
746
389
695
92
124
515
596
845
809
187
368
934
729
302
789
207
371
31
605
971
534
289
736
92
211
664
275
462
771
927
708
165
504
753
996
376
640
838
36
983
32
469
704
17
43
515
103
474
563
917
969
64
818
523
396
296
354
993
836
703
652
843
868
194
394
80
585
619
324
333
988
586
164
736
659
328
62
874
478
113
634
966
733
16
11
440
988
354
222
92
670
882
587
740
449
879
218
350
816
979
830
293
500
7
715
787
646
645
531
525
272
612
788
194
872
26
844
290
432
166
498
527
935
97
117
50
22
673
460
556
707
364
240
844
270
311
255
654
985
285
886
29
969
915
538
161
143
917
73
836
595
587
250
385
707
753
314
51
992
19
505
592
742
97
415
469
417
16
999
204
324
804
326
466
880
115
696
807
459
500
676
869
157
743
730
980
170
943
806
507
733
301
907
827
999
795
665
981
855
286
127
489
886
655
57
248
756
901
266
448
374
646
826
154
553
205
495
805
800
484
816
147
360
489
337
755
499
360
149
38
399
357
425
271
730
843
22
624
996
925
673
220
864
499
252
698
577
308
800
359
373
654
262
14
713
992
228
161
586
108
881
830
877
594
207
398
578
238
770
126
391
644
467
116
931
290
300
855
358
253
899
210
545
142
128
544
154
752
533
325
69
331
698
241
603
422
23
545
748
326
240
208
588
956
103
151
146
610
495
953
848
661
696
560
887
108
63
995
282
489
502
14
836
615
680
564
832
390
639
848
826
275
736
709
349
564
221
915
94
579
714
940
286
185
610
341
523
943
814
790
200
944
734
26
721
708
328
185
165
695
8
711
340
19
611
606
964
533
643
625
5
872
99
680
681
332
24
910
372
565
527
428
750
605
594
347
280
648
987
816
433
970
385
767
551
482
431
616
262
935
367
64
924
797
313
85
127
366
957
79
987
271
579
660
575
214
569
385
327
320
404
307
913
900
629
890
326
981
464
904
851
837
29
782
203
376
816
161
729
879
109
652
208
490
661
246
527
144
982
238
865
283
96
81
860
320
977
922
247
3
24
767
534
936
512
154
510
156
239
860
694
911
915
52
394
835
231
464
630
735
15
304
131
662
657
97
402
835
721
877
195
20
840
340
62
300
575
444
842
611
158
371
470
902
13
361
391
575
549
566
285
134
715
926
161
288
880
560
255
116
566
136
774
951
348
911
760
255
817
192
807
100
502
198
950
76
400
563
191
314
377
462
8
109
480
500
553
272
252
113
3
563
382
487
878
948
60
265
611
393
991
734
465
649
96
633
819
397
96
652
418
484
343
303
506
681
589
628
715
777
715
257
223
467
852
273
872
954
26
463
262
518
975
610
371
925
153
179
902
479
36
629
769
658
114
651
395
577
611
280
325
980
685
112
926
553
231
682
352
214
793
73
943
544
204
309
357
983
567
375
755
560
438
351
109
815
697
165
845
584
425
472
840
867
464
777
642
522
658
111
866
257
415
725
238
987
470
945
780
520
291
549
396
960
194
170
568
464
253
916
174
703
218
278
686
300
77
429
332
517
568
605
620
104
862
808
922
364
992
570
1000
399
376
118
220
230
281
28
906
992
801
653
347
913
685
219
850
761
46
418
564
737
245
981
980
565
554
658
441
614
948
612
224
169
782
582
758
65
93
533
311
695
680
406
465
183
261
638
15
19
320
814
917
789
213
232
466
629
366
721
767
606
948
357
463
244
338
335
544
925
951
734
333
155
135
567
947
824
461
61
902
342
680
756
759
906
903
136
829
284
772
34
450
665
544
254
986
430
33
495
393
130
204
916
931
559
617
72
647
231
9
252
277
508
672
604
210
681
158
611
385
68
538
461
405
715
219
663
388
402
127
21
250
284
750
772
96
979
448
291
332
709
882
797
690
522
195
547
760
293
40
928
489
914
218
90
592
714
815
236
890
692
312
131
800
47
887
760
985
679
36
496
657
996
601
632
57
613
733
249
345
8
916
49
267
612
153
636
426
84
982
487
396
686
446
428
592
825
440
9
959
310
291
153
76
367
900
253
790
444
749
371
462
728
155
78
744
386
548
858
95
545
679
247
150
678
789
352
985
939
292
993
669
585
347
619
164
665
874
60
957
615
101
394
427
215
272
388
530
355
788
567
785
108
185
754
315
26
549
93
309
308
750
70
526
557
849
385
298
734
991
621
364
949
435
852
559
739
463
400
385
28
316
895
859
91
188
577
757
572
354
14
430
384
535
296
645
603
427
276
247
918
290
849
984
806
833
527
375
735
583
534
515
765
303
293
494
312
584
101
152
261
473
601
609
99
501
751
81
287
313
440
516
553
975
31
124
481
718
790
235
573
276
91
863
945
310
529
373
525
131
901
579
176
423
416
244
865
472
902
769
594
51
716
389
792
256
932
687
277
412
995
992
25
679
135
161
662
686
252
655
452
524
379
923
719
368
761
301
51
492
21
981
800
242
425
784
273
94
456
424
577
84
31
717
923
852
780
358
60
228
287
612
879
573
512
950
453
566
219
529
592
309
381
833
292
904
758
405
360
181
557
30
413
897
810
1000
874
666
785
385
579
70
691
766
513
757
312
400
80
705
228
216
672
194
779
181
509
753
195
538
16
910
734
567
828
923
957
853
84
132
631
23
664
348
688
47
950
903
232
481
68
273
989
191
222
31
171
210
195
546
483
804
974
276
847
754
794
